0
1
0
2
3
4
5
6
7
8
7
8
9
10
11
12
13
14
15
16
9
17
18
19
20
21
22
23
18
24
25
26
27
28
27
27
27
29
30
3
27
9
10
31
11
32
26
12
26
33
9
34
35
36
11
37
38
26
39
40
41
42
41
25
9
10
39
43
44
45
35
46
47
44
48
49
50
51
49
32
43
44
25
52
25
26
9
11
26
53
54
55
56
57
58
59
60
61
62
59
63
64
65
66
67
53
68
68
66
69
66
18
8
70
71
72
73
74
75
76
29
8
77
78
79
57
70
80
81
82
83
84
85
86
54
29
87
63
28
88
89
90
27
91
92
93
94
95
96
97
27
98
99
100
101
56
102
103
104
3
26
105
105
106
42
107
108
109
110
6
111
112
22
113
70
114
113
70
115
116
117
70
118
110
30
70
119
120
110
121
122
6
93
123
124
125
42
70
42
126
70
56
61
116
26
36
6
127
128
129
130
131
93
123
115
132
133
18
134
18
135
136
126
137
138
116
139
8
140
8
61
113
70
28
141
142
98
143
144
117
113
70
117
145
70
146
147
148
113
70
115
149
150
141
151
117
113
70
152
153
117
152
4
154
70
70
28
155
14
156
157
158
159
30
42
125
26
125
130
160
161
162
137
163
26
164
165
33
42
166
27
26
18
167
23
168
169
29
0
170
171
172
173
1
174
175
176
177
169
0
170
171
177
178
169
179
180
77
181
182
183
184
84
160
77
185
130
176
186
77
187
183
124
186
77
188
98
156
98
5
189
190
191
192
53
192
193
77
194
195
97
196
197
32
169
97
198
199
4
11
32
200
4
193
201
202
203
204
205
181
176
202
37
206
207
182
71
197
208
209
17
210
17
211
212
213
214
144
215
216
162
217
218
219
209
182
220
221
222
223
224
216
225
221
226
103
224
216
227
227
221
228
115
229
230
231
221
221
222
154
221
229
230
231
232
230
231
233
234
175
175
235
236
208
237
224
216
238
239
240
229
230
231
241
100
221
222
242
243
227
221
224
73
169
244
133
58
39
133
245
246
186
176
197
247
247
248
0
249
250
175
192
251
197
252
253
254
255
256
257
94
132
258
9
132
259
260
95
75
197
261
262
263
197
141
264
265
259
192
137
57
266
248
38
137
267
203
268
62
269
47
270
62
193
271
272
40
37
62
273
198
217
37
274
275
276
277
62
278
25
251
251
259
251
248
47
279
118
280
251
175
280
251
251
248
281
279
281
259
248
282
281
259
279
259
248
282
248
264
57
192
118
280
97
97
283
251
284
217
37
63
137
285
286
177
217
287
176
193
195
193
288
289
280
97
198
193
193
193
288
290
281
198
259
291
259
292
176
230
175
259
285
203
293
294
295
251
175
296
251
248
251
280
251
175
280
251
251
248
65
251
248
297
2
281
281
298
248
78
299
281
248
296
300
281
281
176
281
78
269
301
302
303
281
248
250
155
175
175
103
279
248
300
298
148
304
208
259
305
98
187
306
275
187
148
205
307
267
217
221
308
309
310
287
311
310
232
312
194
150
217
193
205
312
131
196
313
217
314
64
248
175
187
315
71
176
177
316
221
308
309
313
313
188
317
177
217
37
311
177
317
278
212
212
23
315
278
318
309
308
63
49
49
49
305
319
188
319
49
197
252
253
254
255
256
257
94
248
248
320
18
196
197
53
321
155
188
259
298
322
323
303
190
137
117
293
176
324
293
166
313
313
325
326
313
313
313
137
327
137
305
250
250
198
62
250
198
62
291
328
132
329
330
250
328
159
291
270
331
332
333
88
334
310
330
142
201
75
294
285
319
335
336
150
313
150
269
337
338
259
156
103
339
159
340
98
137
341
137
342
343
344
132
250
345
346
233
259
197
273
273
199
294
270
347
299
199
152
322
348
348
137
117
225
277
164
349
327
137
277
277
277
277
277
350
277
277
350
277
277
277
277
231
277
270
288
82
351
82
168
187
53
132
187
185
259
18
150
240
352
142
187
288
187
53
288
187
208
353
208
354
187
242
355
3
355
178
356
355
197
233
281
248
319
322
357
293
293
266
294
259
346
208
62
281
248
319
358
103
302
250
319
359
360
103
281
248
266
260
361
329
259
319
201
250
346
57
102
259
197
259
3
3
259
362
294
270
259
363
187
364
137
270
363
337
164
273
365
199
273
365
319
273
270
186
184
164
366
367
63
273
46
270
18
179
103
291
3
365
285
62
187
168
368
95
103
137
190
103
190
187
259
238
369
370
325
155
136
371
372
302
310
373
374
87
176
193
259
255
259
290
259
143
225
150
249
103
259
375
376
329
259
338
377
143
269
175
150
338
319
259
177
217
312
259
362
53
193
71
48
10
19
20
6
193
71
48
10
19
20
6
308
308
251
251
248
378
281
281
259
105
281
248
351
250
250
270
118
233
362
299
281
250
175
118
379
281
248
103
175
250
281
281
281
281
281
351
177
3
281
259
175
175
230
250
251
175
270
305
281
250
175
103
175
18
241
281
248
281
62
281
248
296
251
175
251
118
280
251
175
280
251
251
175
269
251
251
175
320
292
111
176
261
187
315
198
334
248
251
175
251
175
261
292
111
176
296
329
251
175
270
251
175
142
251
175
188
280
137
137
273
47
235
286
177
217
221
308
309
37
380
283
348
357
348
198
313
64
357
348
381
63
288
137
382
383
217
287
383
175
193
251
281
259
33
217
287
248
176
118
176
193
155
265
233
370
383
258
233
150
278
362
384
325
103
143
177
385
325
175
186
61
137
205
386
141
61
150
177
217
97
325
142
276
97
226
284
387
388
164
93
137
293
90
100
137
100
100
281
100
259
100
251
350
250
389
198
175
137
250
350
250
389
198
175
91
250
250
390
259
391
250
392
383
393
63
354
394
137
395
395
211
277
190
277
168
288
259
168
259
250
259
396
259
197
397
277
371
398
96
399
103
103
400
371
362
357
142
3
362
293
313
401
99
402
47
168
288
346
137
247
309
153
325
403
145
181
404
404
405
1
374
403
404
1
391
391
404
391
404
325
309
173
324
325
195
26
127
176
202
217
37
221
308
309
37
316
317
279
188
259
317
177
217
37
311
177
317
293
278
212
212
23
315
278
318
0
213
338
404
405
173
310
293
217
217
37
309
308
63
49
49
49
305
319
188
319
49
247
247
406
407
408
40
165
116
180
169
209
378
220
66
23
300
409
354
311
180
410
339
18
103
411
235
158
13
412
273
352
201
149
413
303
358
18
414
254
414
415
104
329
104
267
29
24
24
416
330
417
418
399
254
358
417
260
399
254
417
101
330
399
254
112
343
417
254
254
237
417
392
254
13
24
419
412
13
392
254
419
18
418
343
417
254
13
237
417
209
420
220
421
422
382
423
43
358
249
262
260
207
309
424
294
16
385
80
425
426
427
428
294
16
16
172
269
429
16
430
11
21
22
389
290
431
432
156
333
16
433
426
434
366
435
436
437
438
362
439
440
398
441
241
442
28
443
396
438
126
444
63
445
119
120
110
435
446
284
70
305
126
121
18
335
432
121
210
207
37
44
50
447
388
220
66
413
448
358
435
449
435
313
410
410
421
201
249
47
435
441
436
422
103
118
402
435
103
142
450
118
103
142
201
434
362
18
83
234
439
435
53
435
325
402
18
410
18
313
410
200
451
28
249
281
297
104
449
145
435
293
313
410
410
276
289
397
201
325
435
116
179
155
166
290
101
214
452
101
357
358
396
396
449
313
18
235
297
436
297
214
440
42
340
234
273
453
12
18
273
454
434
273
167
447
410
250
455
301
447
297
363
363
249
54
256
273
447
421
422
263
118
325
456
342
53
457
435
346
103
18
325
370
409
103
201
326
235
326
201
345
237
325
425
313
199
379
18
96
434
313
118
402
435
261
446
331
273
118
458
237
118
386
459
0
381
308
312
388
163
316
176
259
306
169
14
218
219
403
349
52
393
264
355
71
1
388
150
74
373
86
334
93
164
189
92
131
354
333
92
333
316
259
169
108
169
460
461
155
320
14
197
306
275
161
432
230
161
189
408
18
406
310
248
197
408
6
252
310
193
462
285
306
275
256
408
155
79
279
392
213
450
291
299
79
278
212
406
155
248
251
274
250
298
368
224
3
428
274
332
278
212
406
463
317
212
318
155
248
374
409
250
291
268
405
198
394
405
95
243
368
224
243
14
193
464
98
86
455
365
451
256
408
327
134
33
153
197
256
86
15
103
449
408
377
359
360
59
1
84
306
465
186
138
25
306
206
306
287
232
269
285
287
108
333
287
108
285
287
122
407
407
306
287
407
282
139
466
463
212
318
108
108
230
394
206
84
108
108
108
169
108
306
115
347
314
108
108
189
192
189
53
262
337
467
245
468
78
280
108
169
84
86
169
469
265
228
267
374
72
315
177
169
306
287
205
306
330
176
453
398
452
364
177
155
470
170
248
451
247
408
261
306
357
306
395
57
18
357
412
448
259
192
122
122
287
328
471
230
353
361
64
375
287
407
122
287
122
292
192
430
230
122
257
33
228
169
259
432
444
371
322
156
456
356
223
157
376
344
184
149
150
364
161
230
228
227
328
341
222
103
12
305
193
364
89
6
291
472
306
390
184
56
212
213
236
100
323
285
222
18
18
23
64
427
391
92
169
357
306
466
150
270
222
14
193
408
33
306
222
306
431
467
363
194
465
207
169
304
463
404
169
400
18
199
302
177
207
296
239
147
338
59
414
384
22
408
209
473
445
473
220
349
55
333
339
388
128
267
474
453
165
53
445
380
227
30
324
470
151
380
438
181
470
93
146
468
475
288
177
476
476
266
87
51
195
230
477
191
360
463
380
98
85
466
478
478
461
470
284
479
240
478
422
480
267
267
481
79
422
482
290
198
443
229
267
339
199
483
76
429
469
422
432
449
462
272
313
432
93
251
161
261
176
437
68
18
174
244
232
417
418
187
209
69
17
69
17
220
31
220
420
420
220
113
459
76
348
479
411
258
239
246
484
277
33
130
41
336
113
479
305
296
113
273
485
113
232
266
147
142
460
460
239
60
266
467
266
307
123
478
478
422
480
267
267
209
312
473
220
209
312
473
367
218
220
187
476
267
486
463
18
253
457
486
295
80
350
267
295
45
271
114
81
470
454
477
464
487
484
401
387
211
487
29
183
488
464
211
487
487
475
214
106
106
488
277
475
125
488
277
306
271
485
198
66
209
210
220
487
487
171
419
383
171
465
419
359
465
416
319
171
18
201
35
171
483
487
415
137
135
47
487
47
487
423
487
423
415
107
147
98
200
214
103
171
321
489
442
171
487
415
137
490
36
39
6
209
424
424
220
369
98
9
34
490
67
179
93
372
300
360
220
463
250
300
363
101
161
458
486
471
486
488
351
250
286
474
363
485
238
363
300
201
255
64
250
101
276
142
233
411
147
273
267
101
59
109
217
300
472
220
482
482
283
8
371
79
27
273
189
481
129
18
131
490
489
490
490
125
273
215
215
54
490
489
8
204
490
140
7
371
433
271
110
271
