0
1
2
3
1
0
2
4
5
6
2
7
6
8
9
10
11
12
13
14
15
6
10
11
12
16
17
18
19
20
19
20
21
13
14
14
22
23
13
24
25
26
14
16
19
20
27
28
29
30
31
32
13
14
33
34
28
33
35
14
36
6
37
38
39
6
40
41
42
43
41
44
45
36
6
37
46
47
41
42
48
44
45
41
38
49
50
5
41
16
36
6
37
17
51
52
53
54
51
52
18
55
56
40
21
40
57
58
59
60
16
61
62
63
64
18
65
66
56
40
63
67
68
69
70
71
72
73
70
74
72
75
39
16
76
77
78
68
69
70
17
63
67
37
79
80
73
81
82
62
54
83
84
83
79
85
81
86
83
87
88
89
83
87
55
80
73
81
39
90
91
92
93
94
95
96
97
98
99
91
92
39
100
101
96
100
94
96
97
92
101
98
99
91
6
40
16
93
94
95
98
91
18
40
102
103
104
105
106
103
107
108
109
110
78
111
112
113
114
111
115
116
117
112
113
114
118
119
120
121
122
121
122
122
123
124
125
104
126
127
126
128
123
129
123
28
11
130
131
127
132
133
134
135
136
137
138
134
139
132
133
140
141
142
143
130
49
11
144
145
146
147
148
6
149
15
108
148
131
136
150
151
152
153
154
155
110
156
146
157
158
159
105
49
160
161
162
118
43
151
163
164
165
137
166
41
167
168
169
158
170
171
172
159
173
41
174
175
176
177
107
178
179
180
5
40
102
181
182
37
181
182
165
183
74
48
184
185
186
187
1
124
188
189
190
37
9
191
188
1
192
193
194
32
1
195
196
131
197
1
195
196
131
198
199
200
131
201
202
46
203
204
144
189
190
37
205
144
144
206
202
46
50
131
207
208
209
190
37
210
211
9
212
212
169
213
36
214
215
74
1
131
207
74
216
195
131
107
202
46
203
116
199
40
64
9
217
218
219
220
221
222
169
213
198
223
224
28
225
28
226
227
216
228
218
229
199
230
11
231
11
202
46
116
201
196
131
232
47
233
43
234
235
139
236
174
201
237
238
200
196
131
200
194
239
165
131
240
241
242
243
244
235
232
47
196
131
201
198
192
245
206
246
243
243
244
235
233
234
205
247
200
196
131
248
124
249
250
200
248
201
7
249
251
131
131
43
252
24
187
253
254
255
256
201
50
58
59
60
74
215
56
40
215
128
221
257
22
258
160
259
228
76
77
78
68
36
70
260
261
68
69
70
260
1
56
40
260
262
263
57
74
75
205
264
41
56
40
28
165
161
265
34
2
266
267
49
0
268
269
270
271
272
3
1
273
15
274
275
276
267
0
268
269
270
276
1
277
267
278
279
280
281
282
283
284
145
285
286
287
288
289
290
291
292
293
294
295
292
296
297
281
298
155
257
281
282
283
284
145
285
299
285
221
275
281
300
282
283
284
145
301
295
214
280
280
281
300
282
283
284
145
302
174
253
174
281
8
303
304
280
305
306
307
308
104
306
307
308
306
309
310
285
282
283
284
145
311
280
312
313
285
173
314
309
315
316
289
290
291
292
287
288
317
296
297
55
267
316
318
319
281
320
173
321
322
306
7
18
55
323
7
310
324
325
326
327
313
328
286
275
325
315
316
65
329
315
316
330
316
318
319
281
320
293
294
319
281
320
135
317
296
297
331
332
333
332
333
334
335
336
27
337
338
338
335
336
27
339
340
339
341
342
343
238
344
345
346
344
347
346
259
344
348
349
350
334
351
351
293
352
353
354
355
356
357
347
358
359
353
360
179
357
347
361
361
353
362
359
198
363
364
365
353
353
354
251
355
366
353
363
364
365
359
367
364
365
368
369
370
274
359
370
274
371
372
359
373
374
331
355
375
373
374
357
366
347
376
377
366
378
363
364
365
379
176
353
354
380
381
366
380
382
361
353
357
140
267
383
384
385
383
384
385
386
387
224
109
67
224
386
388
389
390
391
300
275
392
393
317
394
395
395
396
397
398
399
400
401
402
403
404
405
406
0
396
407
408
399
409
410
411
274
396
308
390
391
412
413
414
390
415
416
390
417
418
396
419
390
392
393
317
394
390
420
400
401
402
403
404
421
422
423
424
425
426
427
428
429
430
431
432
433
434
435
436
437
438
424
170
439
400
401
402
403
404
413
223
440
393
440
440
441
442
394
16
223
393
443
390
444
445
171
142
446
317
447
448
449
317
234
450
451
390
452
453
443
452
454
308
228
108
455
456
457
458
455
456
459
397
452
460
461
452
462
463
452
66
452
464
465
452
466
467
452
228
452
468
469
470
326
408
466
471
472
473
452
457
474
117
475
476
85
477
452
478
479
477
480
481
117
482
310
483
484
485
486
71
487
65
457
474
117
488
489
321
490
348
65
491
492
493
494
495
457
474
117
496
497
498
39
414
414
443
414
397
85
499
500
478
204
501
414
274
501
414
452
414
397
502
478
503
504
499
500
505
506
503
443
478
507
397
508
503
509
454
443
504
499
500
443
478
507
397
508
510
509
397
451
511
459
461
465
512
512
108
308
513
465
514
204
501
173
173
469
452
478
515
408
461
469
516
517
518
391
414
519
520
460
452
521
394
348
65
118
522
452
478
523
452
465
452
228
523
524
525
476
526
527
417
461
528
528
529
476
478
276
495
348
530
528
275
310
478
312
310
531
532
501
173
321
310
478
310
533
310
531
534
452
503
535
452
477
321
443
536
443
537
538
539
506
539
540
541
511
275
364
274
443
393
524
452
326
542
452
477
543
544
452
477
545
477
544
546
452
547
548
414
274
549
452
513
550
452
414
397
502
414
478
452
501
414
274
501
414
535
414
397
120
414
397
476
478
452
551
552
4
503
553
503
510
554
452
465
555
556
452
557
397
452
465
147
556
452
558
503
397
550
559
452
476
478
553
560
503
406
561
503
275
503
406
561
452
465
147
556
405
475
452
477
452
562
563
564
503
397
410
509
252
274
452
565
274
179
565
500
397
566
559
452
477
450
557
567
568
242
569
482
331
506
570
567
446
443
571
174
301
572
492
301
242
450
328
438
408
408
573
470
348
450
353
574
575
576
577
413
413
409
578
530
579
580
452
578
367
450
581
408
450
311
246
348
310
450
328
581
408
222
314
450
394
582
452
495
348
583
450
584
585
586
587
452
119
397
274
301
588
539
589
539
135
586
590
275
591
400
402
403
404
276
592
466
450
394
353
574
575
576
577
528
528
409
390
391
593
582
582
302
390
391
438
594
450
595
276
348
65
579
276
390
595
498
341
596
341
597
34
589
498
598
599
600
601
602
580
603
400
401
402
604
577
399
605
404
576
606
607
575
608
396
419
609
390
415
610
390
611
118
87
390
87
612
87
415
571
613
302
613
87
614
391
415
416
391
417
418
396
419
391
392
393
317
394
391
615
466
420
400
401
402
403
404
421
422
423
424
425
426
427
428
429
430
431
432
433
434
435
436
437
438
424
170
439
400
401
402
403
404
397
397
616
28
314
450
392
393
317
394
580
104
580
390
466
391
615
617
450
391
497
390
586
618
497
391
252
302
580
390
438
594
450
390
619
391
452
461
443
412
452
461
450
557
567
568
442
620
567
446
621
482
622
564
623
624
304
625
228
200
626
627
628
629
630
631
617
632
633
542
634
275
635
542
633
264
390
593
582
582
636
450
637
450
582
638
582
582
452
228
639
619
640
228
641
452
571
410
567
642
643
644
645
410
646
321
117
644
645
410
646
647
321
117
536
648
632
649
650
506
560
452
641
452
435
223
644
651
648
452
641
652
612
653
450
654
655
656
410
657
649
256
450
658
452
659
536
481
390
660
394
661
656
511
662
163
445
541
663
578
653
236
548
664
665
390
452
324
142
665
390
545
477
478
524
666
665
666
613
667
668
452
461
669
670
390
450
246
548
664
665
390
671
582
246
672
671
475
673
674
443
253
179
452
675
676
677
256
450
678
174
679
680
228
681
680
228
682
452
683
680
684
452
685
682
452
686
687
452
630
631
688
689
223
410
679
688
689
690
644
651
641
640
691
668
689
368
443
567
446
692
317
647
647
693
489
694
647
693
695
489
322
695
545
506
452
567
568
567
481
696
697
506
570
567
446
567
558
624
623
322
248
442
620
621
586
695
698
699
699
452
625
228
200
700
358
701
494
262
702
639
228
701
494
703
701
494
625
701
494
625
701
494
625
701
494
625
704
701
494
625
629
705
701
494
706
704
701
494
625
629
705
701
494
706
707
701
494
708
701
494
365
701
494
708
698
481
626
627
647
709
531
456
709
628
629
153
700
450
710
153
695
266
301
104
223
711
301
633
299
443
28
246
378
712
236
301
713
531
301
104
531
301
454
331
454
714
331
715
679
692
301
381
716
473
5
716
277
717
716
317
568
476
527
368
506
718
668
503
397
613
667
413
567
642
643
621
719
542
633
542
458
720
545
461
443
656
691
331
117
503
397
613
667
721
179
454
563
410
613
667
722
723
179
503
397
458
444
724
586
456
652
443
613
324
410
691
713
725
108
178
443
713
725
317
726
727
443
679
5
5
443
726
659
393
728
545
481
672
729
443
730
672
729
301
731
228
633
729
481
730
672
673
732
450
703
450
262
733
489
734
322
489
734
613
489
588
732
450
481
300
298
262
732
450
735
736
118
489
84
481
737
738
28
278
584
179
452
536
5
738
700
732
450
734
739
524
513
117
476
478
301
711
266
659
598
650
480
740
703
638
442
171
179
228
304
442
179
741
304
301
742
696
443
376
742
696
696
743
659
656
543
466
476
478
744
745
636
252
227
450
398
746
741
747
394
633
656
467
461
563
645
450
578
748
450
461
749
162
495
275
310
443
591
645
429
443
412
461
450
534
412
443
237
358
580
390
246
407
179
443
750
452
751
394
390
652
443
394
390
394
390
674
394
390
594
452
513
412
752
237
753
475
274
246
674
452
613
390
617
466
412
443
276
348
528
537
452
452
462
463
464
754
467
468
581
471
755
718
755
476
393
393
443
728
756
694
104
310
483
400
401
402
484
580
591
135
487
409
86
757
17
29
30
758
9
490
399
409
496
310
483
403
404
484
580
591
135
487
409
86
757
17
29
30
758
9
490
577
575
608
608
575
496
414
759
414
397
760
761
762
763
764
765
760
766
760
760
767
765
761
768
760
769
770
760
597
760
761
762
763
771
766
760
771
766
768
766
768
766
760
766
760
770
760
769
766
772
503
759
503
772
443
759
510
760
760
181
761
760
762
767
772
459
619
503
397
710
410
510
506
510
452
547
410
773
481
540
774
452
465
555
556
204
775
452
368
728
548
754
754
452
558
503
410
773
274
476
478
204
776
479
593
540
452
503
397
179
777
274
604
510
539
539
773
778
539
779
539
410
510
539
779
604
539
779
539
778
539
503
539
503
503
539
503
405
539
503
710
452
465
276
5
503
443
274
753
274
364
535
452
565
410
414
773
274
476
478
481
571
503
410
773
274
179
777
274
565
28
452
379
452
585
503
397
619
514
503
117
553
503
397
550
476
478
452
539
414
274
753
414
535
204
501
414
274
501
414
535
414
274
475
502
414
478
414
274
616
538
191
275
476
478
452
568
447
537
301
589
506
452
321
663
615
397
414
274
549
452
414
274
447
537
538
191
275
452
452
588
550
652
414
274
554
481
775
414
274
554
236
476
478
414
274
507
302
411
554
411
476
478
594
501
450
452
638
452
228
452
452
228
526
527
417
452
461
489
85
417
452
694
528
371
767
529
476
478
276
348
528
353
574
575
576
577
528
65
528
409
594
450
469
515
408
700
780
781
781
461
469
516
517
518
699
461
719
469
505
699
321
582
700
505
119
719
699
469
469
418
405
782
408
469
418
405
782
781
469
418
405
782
781
469
418
586
783
522
520
452
118
522
531
452
478
525
465
452
228
452
784
645
450
785
403
404
400
401
402
450
786
787
348
530
786
787
274
452
478
310
535
414
535
503
478
443
478
417
57
348
530
438
591
417
397
275
204
452
686
275
310
535
252
591
645
453
450
368
548
645
744
787
441
676
788
459
368
246
450
498
728
548
789
756
636
179
237
276
633
790
636
274
300
116
774
228
450
328
791
234
116
580
633
792
793
246
276
348
173
636
450
236
493
173
745
360
452
745
519
794
617
466
477
438
795
633
262
169
591
796
228
797
677
733
450
798
677
798
632
450
542
677
452
166
176
796
228
799
176
452
478
176
800
503
478
176
800
443
478
176
800
414
478
704
410
644
651
801
321
274
707
228
410
704
410
644
651
801
321
274
797
799
167
410
587
410
802
443
707
803
641
410
773
804
450
450
450
785
787
805
452
118
715
806
677
228
450
450
807
548
808
450
807
654
788
452
654
808
340
548
720
494
737
304
450
437
727
720
494
266
531
443
266
443
655
656
410
657
393
443
809
393
393
443
317
732
630
631
665
567
664
665
390
685
810
548
667
494
450
746
811
633
533
676
677
788
808
676
677
645
172
812
450
619
633
450
179
676
677
179
633
676
677
813
676
677
452
746
728
719
452
236
5
452
611
728
542
582
814
452
175
815
85
266
452
531
685
656
657
452
452
394
390
459
658
452
452
691
452
228
808
633
793
566
792
774
395
576
580
816
438
250
718
816
636
450
817
239
286
818
818
819
3
820
749
817
818
820
3
820
803
803
818
820
803
818
636
450
576
272
635
636
450
312
551
633
40
217
633
437
392
590
275
325
528
521
348
65
353
574
575
576
577
528
65
528
409
594
450
592
466
394
595
500
302
390
391
412
443
595
276
348
65
579
276
390
595
739
633
542
634
498
341
596
341
597
34
589
498
598
599
600
601
602
580
394
390
391
633
0
342
674
818
820
819
272
578
542
633
348
528
348
65
603
400
401
402
604
577
399
605
404
576
606
607
575
608
396
419
609
391
415
610
391
611
118
87
391
87
612
87
415
571
613
302
613
87
614
415
459
395
488
395
628
821
822
400
402
821
823
824
824
825
71
263
199
279
267
334
826
764
826
827
352
828
828
123
829
34
559
830
715
579
279
831
675
28
829
179
832
833
832
834
835
371
255
23
836
489
712
324
837
245
838
564
837
721
28
839
837
427
839
840
841
842
832
180
652
180
843
829
470
49
832
844
832
834
829
35
832
829
35
841
842
845
653
846
847
832
812
837
427
721
848
846
444
812
837
427
846
177
653
812
837
427
193
684
846
827
843
829
837
427
837
427
832
375
848
846
829
804
837
427
23
35
829
849
850
836
23
804
837
427
849
850
28
847
684
846
835
851
844
829
851
837
427
23
375
848
846
334
852
853
854
852
855
853
352
856
857
784
858
859
80
721
407
860
861
448
860
444
862
861
330
853
854
852
576
854
853
858
863
853
854
545
864
26
861
790
862
150
865
864
866
867
868
545
26
26
271
475
869
26
870
18
31
32
801
534
871
872
873
253
662
872
26
874
866
875
735
876
877
878
879
880
728
881
882
811
883
379
884
878
43
885
809
880
216
886
118
887
208
209
190
888
889
878
876
890
891
890
519
888
889
131
571
216
210
892
28
669
873
210
892
893
337
330
65
893
81
88
894
795
352
123
895
896
838
897
898
899
721
900
876
901
902
876
903
904
582
905
906
907
831
908
895
907
831
856
324
895
902
909
407
910
911
85
876
902
883
877
910
857
896
905
912
179
204
913
815
876
179
910
236
914
204
179
236
905
324
875
899
728
28
915
916
154
896
369
881
876
104
917
902
918
876
636
919
815
906
28
920
831
28
582
895
831
323
921
903
43
407
503
552
896
180
901
902
922
239
876
902
542
582
918
831
831
908
896
905
493
532
896
810
324
896
913
636
876
199
923
278
252
924
922
925
264
920
534
897
896
895
926
896
905
177
915
916
926
343
927
177
915
916
719
721
899
908
809
909
809
928
901
899
582
911
28
899
371
552
877
552
343
882
929
74
678
369
489
930
931
21
28
489
932
924
933
875
934
900
489
931
265
894
899
908
831
410
902
935
936
902
934
937
562
894
552
730
899
908
919
730
938
407
105
432
489
938
938
899
902
937
894
929
856
857
449
931
204
905
899
939
636
940
683
104
917
941
876
904
939
905
899
691
179
28
636
942
744
830
179
943
324
637
944
371
943
637
324
945
935
945
935
902
690
946
903
923
942
375
636
865
582
322
906
925
776
28
928
932
172
944
910
875
582
902
204
913
815
876
946
447
891
947
660
489
947
204
948
375
204
791
949
912
0
950
951
783
575
581
795
261
592
275
950
443
572
952
267
953
951
950
24
349
350
817
702
90
805
451
716
950
135
3
954
950
795
246
141
955
951
748
157
663
169
262
956
951
303
168
957
222
715
662
168
957
662
592
950
950
443
958
959
267
960
961
962
185
963
267
964
965
966
958
252
616
967
950
24
968
969
970
971
317
572
492
962
972
258
873
973
974
962
364
954
950
950
258
961
972
973
303
975
976
825
28
977
978
822
979
578
980
397
975
961
317
825
9
979
425
578
310
950
981
950
524
973
572
492
982
432
825
252
950
149
500
804
342
914
536
558
149
950
498
341
977
978
822
962
983
973
252
980
397
414
491
410
984
557
985
740
357
5
950
986
868
491
970
971
661
498
341
987
979
977
978
822
988
595
989
341
983
602
986
252
397
989
985
749
830
410
984
950
536
472
819
990
321
806
819
171
382
740
357
382
24
310
990
991
987
950
174
992
157
936
993
734
992
987
921
432
825
994
639
950
225
57
250
317
432
157
950
25
179
993
950
901
825
752
995
722
723
112
3
954
950
962
962
996
155
572
952
997
300
998
999
1000
229
39
953
572
952
329
1001
952
572
952
999
530
367
1001
952
475
1000
524
530
962
185
952
662
530
185
524
958
965
1002
530
1002
211
1003
823
1001
952
967
823
572
952
1000
1004
530
823
962
508
230
1005
988
962
341
962
602
951
986
185
185
364
953
806
329
1006
952
996
155
962
185
952
999
1000
1007
185
962
950
185
962
952
1008
267
185
952
1008
952
967
572
962
952
198
697
583
1009
967
185
952
185
303
1010
952
308
303
104
955
448
673
1011
388
1012
1013
1006
1014
147
501
953
185
960
950
960
958
959
267
155
1009
157
1003
963
267
1015
1016
1017
1015
950
453
362
960
960
1018
998
950
470
749
1018
998
138
589
276
995
267
572
952
1004
530
328
572
952
653
275
930
811
927
952
731
276
1007
252
950
1019
952
1020
268
397
950
987
921
395
825
447
954
950
572
998
719
950
572
998
807
952
108
952
28
998
998
719
836
952
898
443
308
1002
211
211
530
649
1021
962
364
954
714
1002
1022
995
1023
1022
995
724
119
1023
750
1002
530
823
1001
952
211
530
965
211
538
308
870
364
211
433
57
362
1024
1025
1025
961
267
443
873
886
746
958
1025
621
950
253
1026
1025
1027
950
1025
962
940
717
1025
950
1025
952
1020
356
987
254
950
751
960
1015
687
960
298
1025
245
246
1027
1025
731
1025
1027
1025
950
973
258
962
972
962
364
954
973
982
1025
362
962
974
1028
361
962
649
681
354
179
21
1025
979
1025
571
310
1029
731
164
9
1013
1030
536
1025
1031
572
952
1032
802
298
1025
1025
950
975
976
979
1025
107
341
342
372
1025
950
1029
1025
176
622
524
354
975
28
1030
28
1016
1026
34
119
867
803
168
956
1033
1033
1034
1035
958
959
267
719
950
572
952
1014
1005
1035
962
246
481
354
962
24
968
969
310
950
825
57
1035
572
952
1032
1028
354
572
952
1014
871
1011
962
730
311
997
1033
1027
950
1025
1036
1036
1034
330
267
569
1024
988
818
267
1036
960
1036
813
28
1036
322
950
563
276
950
1007
1036
955
330
1016
550
377
241
954
950
674
112
950
1037
994
1037
950
954
839
950
789
1010
32
952
825
334
1038
1039
887
1038
1039
352
702
1040
106
662
675
795
219
1041
470
1042
1040
930
263
104
887
780
361
50
1043
635
1019
1044
1041
1045
247
780
880
286
1043
1019
169
1046
1046
240
1012
1043
1047
531
1048
276
1049
1050
1049
1051
458
162
89
1051
1050
312
364
1052
1053
305
1044
1048
1053
723
988
780
174
156
1005
1045
1054
1054
966
1043
1019
519
1055
378
1054
857
1056
470
470
1057
149
857
1058
534
1059
1060
1059
1060
321
885
363
470
675
322
1061
143
869
1017
857
873
1062
901
981
1062
486
1063
1064
582
1059
1060
873
1060
169
414
1059
1060
258
447
275
879
126
28
1060
273
1063
387
367
846
847
301
1064
334
129
27
129
27
1065
352
1066
53
352
1067
855
1067
855
352
196
1068
1069
1070
1071
1066
1072
1072
1072
949
143
699
1055
833
441
377
1073
389
1074
1071
494
57
221
72
670
1067
196
1055
571
550
1075
1067
196
1068
1069
1070
1071
489
1076
196
1073
1065
367
458
1075
241
236
964
964
377
115
458
1011
458
1075
573
213
1054
1054
857
1056
470
470
334
581
1077
1039
352
334
581
1077
1039
1078
736
349
1078
352
301
1079
1049
470
1080
988
28
1081
1082
426
1081
941
1080
1082
546
1081
150
704
1083
1079
470
1082
546
82
485
197
152
1082
1019
933
1084
1052
991
1085
1086
1074
814
794
340
1085
1086
49
295
1087
1084
991
340
1085
1086
1085
1086
1083
1047
343
183
183
1087
494
1047
215
1087
494
572
485
1083
1076
321
123
334
1088
1089
1090
1088
1089
337
1090
352
1086
1086
270
1091
1092
850
787
270
1091
997
850
1093
722
1091
997
1092
845
1094
613
270
28
324
1093
1091
1093
62
270
1061
1086
840
228
226
1095
85
1096
1095
1086
85
1096
1095
1086
859
1086
859
840
184
241
174
323
343
179
1092
1095
1094
270
1094
618
1097
1092
884
270
1086
840
228
1098
1090
1090
1088
1089
1090
64
67
9
334
1099
863
1100
1099
863
1101
1100
352
1102
743
174
16
1103
1102
61
1103
1098
125
1103
278
1103
1104
169
1104
747
1104
559
723
1101
1105
1105
352
988
410
559
730
177
1106
258
948
1080
1021
1080
1087
710
410
529
1042
730
1076
376
1107
1108
730
1107
1108
559
324
429
119
410
177
1106
493
236
368
833
241
489
470
177
112
186
348
559
1031
352
1058
1109
1058
516
11
746
149
1110
1111
41
489
303
1111
1057
1110
220
28
222
1112
1113
1114
1115
1109
1098
1097
1116
1098
1116
1098
215
489
345
345
105
1115
1114
1115
1117
1116
1098
1117
1097
11
327
1112
1113
1116
1098
231
10
746
874
485
190
485
